487	364	
495.106602190129	381.625054342644	
499.315083468146	400.779188167722	
502.59884094464	420.11761967885	
505.601132453931	439.503244657129	
508.622317808068	458.891630431686	
511.867966411248	478.242139419609	
515.526186441848	497.505350169843	
519.818455933818	516.64039167647	
525.039355590672	535.539115855176	
531.648201303077	554.004683860172	
540.421803327097	571.532544402461	
552.721760743427	586.721668225377	
564.163585391159	595.603513061114	
576.596390434775	603.044161173602	
589.727983550399	609.17466118054	
603.329922238448	614.15763021581	
617.256695168023	618.161446900791	
631.405336267556	621.333183782115	
645.693162538069	623.795923809234	
660.06889142102	625.655139373314	
674.502381178257	626.999243513026	
688.970235026793	627.901452358725	
703.456355310286	628.423384097248	
717.950101747418	628.617446815815	
732.444814253426	628.528758406685	
746.93659072589	628.196724337796	
761.422295011686	627.656409656988	
775.899077106523	626.939724478021	
790.368837579645	626.07613096813	
1192.90970740588	334.442986690085	628.528735629844	281.814308967319	804.832650946847	625.093762951945	
1172.77785582488	332.243670786744	649.058824726155	289.528680831808	819.289242403382	624.020513861588	
1152.58334460203	330.730551878793	669.699903997406	296.915949165187	833.739013212343	622.884737724442	
1132.34448997942	330.103084471023	690.32825107001	304.354371805233	848.188381425343	621.715980152172	
1112.10064216032	330.545707675718	710.866959593311	312.041667354921	862.638065323317	620.547391425264	
1091.9242928902	332.257896904217	731.243962523595	320.14047593982	877.087143735968	619.41746435704	
1071.93487395298	335.463380855655	751.371815377845	328.830227661634	891.546635614672	618.372071119952	
1052.30282595411	340.410678203603	771.123188000499	338.35133266059	906.014953799228	617.471366705393	
1033.28967178182	347.351570809883	790.25364549538	349.060620380954	920.490548135124	616.797250435196	
1015.23987680525	356.503440158875	808.25219963107	361.562840292516	934.98666080638	616.469511611928	
998.5813285861	367.9742343092	823.788447317935	376.967117223465	949.480248260498	616.682360211741	
983.721760743427	381.721668225377	832.721760743427	396.721668225377	963.930723911903	617.787800791821	
975.019309364528	392.642634588122	834.023034023361	407.996434416134	978.150306237297	620.548906885072	
967.811425910912	404.608721129703	834.862972834308	419.305181913319	991	627	
961.801420049901	417.222061369017	835.236010418159	430.64324953133	
956.71814660859	430.237539220404	835.138435428302	441.987112550898	
952.338466314196	443.512258850167	834.570790913928	453.317863152919	
948.488212064708	456.949431091362	833.537629274868	464.616189076696	
945.02525019118	470.491284916162	832.047724132502	475.862442882234	
941.831779223011	484.098574895306	830.113641330819	487.03987447236	
938.805608607331	497.743372732502	827.750952707504	498.136031806344	
935.853204972401	511.404551856835	824.978704454837	509.138431522354	
932.884054739084	525.062818747342	821.819612657968	520.034484187437	
563	346	929.805634729206	538.694564494698	818.298227403308	530.817401760985	
569.918914129543	361.968802226343	926.515243435768	552.277242774611	814.440012198059	541.486527347375	
575.229964230698	378.559232220975	922.893586327027	565.778069125244	810.273376278714	552.04081302991	
580.216311263682	395.249718448363	918.795784355483	579.141914616489	805.82966395661	562.480257625265	
585.750072371904	411.77239412053	914.035462728957	592.284550177012	801.139773756432	572.814375582103	
592.498336730147	427.819477181713	908.370345976692	605.055866674661	796.238448822474	583.053172042831	
601.002629930612	443.014185225574	901.478133060343	617.205877569923	791.166809529579	593.205412069209	
611.574638379958	456.832036183297	892.97472960613	628.278767830267	785.97472960613	603.278767830267	
624.218057458294	468.782904865788	877.100848790633	644.359659957987	778.750725433308	619.371365073458	
638.615963385511	478.567305059201	860.027630872984	659.151873126186	773.025256621273	636.07300794742	
654.274706137063	486.164238468517	841.817474923689	672.523185904785	768.142871746938	653.038646177645	
670.757270763293	491.786236789808	822.571255599271	684.357459725053	763.384177543402	670.039778271521	
687.721760743427	495.721668225377	802.42001412106	694.568000822906	758.021317662605	686.858453245144	
700.295999874636	498.426273707665	781.50349603069	703.108108911694	751.350872740223	703.198867913602	
712.720081933062	501.758740431974	759.973609226236	709.96264488263	742.795442151223	718.622439868026	
724.977745384807	505.650805811748	737.986797831374	715.144968095654	732.068128944379	732.617576327496	
737.058187917735	510.068978602623	715.669219036347	718.694553008623	719.286334359459	744.775105458563	
748.937322433858	514.998663438906	693.162760366682	720.656600376363	704.879724691875	754.94912200226	
760.590544078511	520.444157847898	670.570483895897	721.080193667199	689.317122585972	763.274551043551	
771.979124543426	526.421861288582	648	720	673	770	
783.052973704065	532.961977215739	633.406958343418	718.607621865882	
793.746458944739	540.1097566369	618.856580885255	716.812309925484	
803.963293953707	547.920956137821	604.361819537272	714.624611236695	
813.572714046495	556.465560478749	589.931193100732	712.04564843899	
822.392588270158	565.823990564879	575.576546319139	709.069372022211	
830.162021717079	576.065610295133	561.314111546045	705.683562021612	
836.53554493615	587.228072461761	547.158944025535	701.868479636238	
841.085494903709	599.2452672772	533.130798889919	697.597429229243	
843.393142370715	611.885970769582	519.260906917344	692.838116755629	
843.216614476955	624.719473981207	505.587166757546	687.550203591341	
840.630390121787	637.300838335682	492.156265336484	681.683840795026	
835.97472960613	649.278767830267	479.027082386761	675.177930835771	
828.845951720526	660.884863592634	466.275005977325	667.9578063386	
819.517598995824	670.814699114909	454.004769424464	659.937189812029	
808.526429223032	678.865946996623	442.369294181467	651.027992524164	
796.369017515069	685.042059224907	431.558202413959	641.132140382393	
783.454357428544	689.418940495405	421.830723431981	630.175898746529	
770.079021297756	692.080227027616	413.497903342677	618.126390726837	
756.4765002401	693.064339609894	406.906278109928	605.047813328635	
742.858289811516	692.342979723541	402.360067249793	591.125213304659	
729.462877068891	689.805861166431	400.032646683713	576.667507740487	
716.614905784119	685.247358340748	399.901755547081	562.019513516567	
704.846586130866	678.388601241583	401.727834546428	541.089696819404	
695	669	404.712257491234	519.80188945346	
689.859824692755	661.449916385245	408.948353651445	498.521642954435	
685.904181591625	653.219111726288	414.53073495442	477.443293604298	
683.145674560232	644.512138179274	421.547212333349	456.751102764159	
681.551355857751	635.517632840905	430.073412439373	436.635705997979	
681.063705414219	626.392684853943	440.17482067707	417.280791611073	
681.618316424814	617.273822785071	451.884715974108	398.893389445923	
683.153509011063	608.266592824664	465.181905428885	381.701174321898	
685.615079313596	599.466128102194	480.003463014281	365.902481380291	
688.955623051084	590.960761887329	496.225802639568	351.672288518551	
693.13415907059	582.832823750272	513.665908737791	339.142314758267	
698.109607689148	575.168688871532	532.105384619968	328.3784470323	
703.839558294565	568.053127335974	551.310659354721	319.379964704541	
710.278488274739	561.567659793061	571.050245801946	312.088816246148	
717.363450351717	555.797935003315	591.101510591133	306.405048814685	
725.021327609733	550.816717823451	611.2735103208	302.196856078072	
733.168579626463	546.680366857882	631.384295802509	299.3199277199	
741.706861730821	543.426920111107	651.271243429122	297.622236091317	
750.534922267505	541.068249997098	670.760449435602	296.950863980803	
759.552406891935	539.591248518421	689.649417899215	297.149682362747	
768.669002326141	538.960377846412	707.646979582631	298.051204518032	
777.802849607889	539.123590894955	724.221605663695	299.449666066256	
786.901755547081	540.019513516567	738	301	
801.999728581491	542.965155185318	749.510214441654	302.765444798521	
816.94616400771	547.485064500477	761.297478654278	305.251374853915	
831.547056638797	553.242519039743	773.151409636888	308.437181913683	
845.790176657596	559.936298016725	784.964622566939	312.290711922447	
859.717896977059	567.317114816767	796.670539863834	316.772659652126	
873.379236738331	575.177400497586	808.227783422844	321.841393440486	
886.842991818453	583.357948654964	819.60500467384	327.452488802591	
900.171691953772	591.728509281846	830.778922534419	333.560645026079	
913.420927267215	600.180401449062	841.742581723028	340.127217540567	
926.640624743204	608.62161347458	852.493014523957	347.116205944254	
939.876557476991	616.973254743771	863.02837936285	354.493170783281	
953.162809141148	625.161406080288	873.347457173782	362.22507926124	
966.525025598523	633.11714021014	883.449304099039	370.280121814722	
979.985549854674	640.778308656731	893.333227551225	378.627706902614	
993.56257708075	648.08797945225	903.003792856828	387.243046618243	
1007.2598313457	654.98878562442	912.470259256304	396.107757151983	
1021.06764510697	661.425095951125	921.740695735577	405.204920196501	
1034.96908337281	667.347548232977	930.821577738572	414.518304570984	
1048.93580251041	672.712582909304	939.717638724088	424.031788304482	
1062.91406498078	677.479908039812	948.431695236613	433.728739716016	
1076.8209251602	681.616391705938	956.96490331298	443.59188643166	
1090.52644293695	685.097465123713	965.323424854078	453.611093886496	
1103.78311744664	687.902261864066	973.514482008141	463.779469296999	
1116	690	981.540930524495	474.086543361566	
1127.33580091068	691.406496345499	989.404241343098	484.521434799404	
1138.87313656433	692.143369660506	997.109843748764	495.080111725655	
1150.51100459794	692.128731529173	1004.65743353274	505.752526382818	
1162.16760286799	691.2959620825	1012.04864979687	516.533006647927	
1173.76854637536	689.591929351529	1019.282645512	527.414353673029	
1185.22797473161	686.981844055541	1026.35792173718	538.390814780257	
1196.46031336242	683.45295368769	1033.27001696334	549.455188365064	
1207.38620089637	679.015542068509	1040.01081409239	560.598367659531	
1217.9339364534	673.703214049702	1046.56885009658	571.808939043801	
1228.04046838001	667.572402651384	1053	583	
1237.66124349568	660.694041473986	1053	583	
1246.77998044364	653.137942598362	
1255.38760392015	644.979853487629	
1263.47998600898	636.301058247518	
1271.06628747796	627.175816269038	
1278.17071519881	617.660765815276	
1284.8157056167	607.810515194179	
1291.02341839646	597.675843795681	
1296.82009028346	587.295202792812	
1302.2305305918	576.701826684529	
1307.27638011822	565.927709210027	
1311.97954315385	554.997041485048	
1316.36074068013	543.928492310963	
1320.43663914188	532.743080873108	
1324.2233869646	521.456161097004	
1327.73652631445	510.07657378477	
1330.98614085165	498.622891551467	
1333.98327216101	487.103272029493	
1336.7390361143	475.514349099962	
1339.25507028402	463.881351135198	
1341.53524599762	452.208980352192	
1343.58236004141	440.482819957789	
1345.38438123715	428.741578328624	
1347	417	
1347	417	








69.0405888045156	1056.65963486385	569.918914129543	361.968802226343	
106.947259815292	1059.88719274105	575.229964230698	378.559232220975	
144.923924464059	1062.02716765972	580.216311263682	395.249718448363	
182.928468927941	1063.60639359914	585.750072371904	411.77239412053	
220.949856295001	1064.82771722374	592.498336730147	427.819477181713	
258.982193846383	1065.79476107708	601.002629930612	443.014185225574	
297.000286267872	1066.56855315127	611.574638379958	456.832036183297	
335.036391978145	1067.18979540363	624.218057458294	468.782904865788	
373.068823636041	1067.68582830584	638.615963385511	478.567305059201	
411.106382028213	1068.07696053196	654.274706137063	486.164238468517	
449.142043626797	1068.37833501692	670.757270763293	491.786236789808	
487.182087876146	1068.60181119644	687.721760743427	495.721668225377	
525.219116022511	1068.75672781222	700.295999874636	498.426273707665	
563.257270645942	1068.85070801655	712.720081933062	501.758740431974	
601.302208895049	1068.89000495052	724.977745384807	505.650805811748	
639.344240549829	1068.87982289191	737.058187917735	510.068978602623	
677.379625523687	1068.82459062486	748.937322433858	514.998663438906	
715.411790178525	1068.72808170839	760.590544078511	520.444157847898	
753.449686653825	1068.59350808732	771.979124543426	526.421861288582	
791.493778869916	1068.42366209008	783.052973704065	532.961977215739	
829.537308303107	1068.22102378276	793.746458944739	540.1097566369	
867.57740391739	1067.98777442466	803.963293953707	547.920956137821	
905.613375014429	1067.72583715278	813.572714046495	556.465560478749	
943.646054379902	1067.43691060307	822.392588270158	565.823990564879	
981.677179238286	1067.12249926479	830.162021717079	576.065610295133	
1019.70879452862	1066.78394123771	836.53554493615	587.228072461761	
1057.74266377886	1066.42243399612	841.085494903709	599.2452672772	
1095.77967311579	1066.03905871768	843.393142370715	611.885970769582	
1133.8192137142	1065.6348037076	843.216614476955	624.719473981207	
1171.85794123495	1065.21059412346	840.630390121787	637.300838335682	
1209.89055739689	1064.76729887544	835.97472960613	649.278767830267	
1247.92332456933	1064.30557532897	828.845951720526	660.884863592634	
1285.9603143221	1063.82602494642	819.517598995824	670.814699114909	
1323.99982874755	1063.32925192974	808.526429223032	678.865946996623	
1362.03096312036	1062.81592734819	796.369017515069	685.042059224907	
1400.05964633586	1062.28644303529	783.454357428544	689.418940495405	
1438.09633678053	1061.74105647482	770.079021297756	692.080227027616	
1476.13814115926	1061.18014979838	756.4765002401	693.064339609894	
1514.16989623068	1060.60423894713	742.858289811516	692.342979723541	
1552.2018999667	1060.01340035288	729.462877068891	689.805861166431	
1590.2405638119	1059.40768777629	716.614905784119	685.247358340748	
1628.2704060305	1058.78742671153	704.846586130866	678.388601241583	
1666.30700426055	1058.15234502408	695	669	
1704.33576168695	1057.50254204859	689.859824692755	661.449916385245	
1742.37250771004	1056.83742598499	685.904181591625	653.219111726288	
1780.40163729174	1056.15667631422	683.145674560232	644.512138179274	
1818.43508295864	1055.45900655198	681.551355857751	635.517632840905	
1856.46900073071	1054.74233793835	681.063705414219	626.392684853943	
1894.5	1054	681.618316424814	617.273822785071	
1894.64999596658	1028.3006910584	683.153509011063	608.266592824664	
1894.80000144337	1002.59975270264	685.615079313596	599.466128102194	
1894.95002865601	976.895090270269	688.955623051084	590.960761887329	
1895.10000474771	951.199186558655	693.13415907059	582.832823750272	
1895.2500004395	925.499924698793	698.109607689148	575.168688871532	
1895.40000029304	899.799949792565	703.839558294565	568.053127335974	
1895.55000938847	874.09839144255	710.278488274739	561.567659793061	
1895.69999910469	848.400153396799	717.363450351717	555.797935003315	
1895.85002580465	822.695578804025	725.021327609733	550.816717823451	
1896.00003598743	796.993834153754	733.168579626463	546.680366857882	
1896.15000553329	771.299051962122	741.706861730821	543.426920111107	
1896.3000108744	745.598136852596	750.534922267505	541.068249997098	
1896.45003234304	719.894458558411	759.552406891935	539.591248518421	
1896.60002553731	694.195624608497	768.669002326141	538.960377846412	
1896.75000221629	668.49962027627	777.802849607889	539.123590894955	
1896.90000675689	642.798842318712	786.901755547081	540.019513516567	
1897.05001858321	617.096816076746	801.999728581491	542.965155185318	
1897.20001323752	591.397731972283	816.94616400771	547.485064500477	
1897.34998861226	565.701951099431	831.547056638797	553.242519039743	
1897.49995335877	540.007991197225	845.790176657596	559.936298016725	
1897.64992140193	514.313466470147	859.717896977059	567.317114816767	
1897.7999066498	488.615994000299	873.379236738331	575.177400497586	
1897.94991770204	462.914100384189	886.842991818453	583.357948654964	
1898.09995236046	437.208162240896	900.171691953772	591.728509281846	
1898.2499917355	411.501415984951	913.420927267215	600.180401449062	
1898.39999456186	385.800931734817	926.640624743204	608.62161347458	
1898.54996705345	360.105644842448	939.876557476991	616.973254743771	
1898.69996426577	334.406122465258	953.162809141148	625.161406080288	
1898.84999211856	308.701350353106	966.525025598523	633.11714021014	
1898.99998743529	283.002152754313	979.985549854674	640.778308656731	
1899.14995677394	257.307406064771	993.56257708075	648.08797945225	
1899.29998021213	231.603390322324	1007.2598313457	654.98878562442	
1899.44999764592	205.900403332129	1021.06764510697	661.425095951125	
1899.59999298607	180.201201719314	1034.96908337281	667.347548232977	
1899.7499951369	154.500833210458	1048.93580251041	672.712582909304	
1899.89999211766	128.801350507874	1062.91406498078	677.479908039812	
1900.0499835192	103.102823710773	1076.8209251602	681.616391705938	
1900.19997157528	77.4048701028813	1090.52644293695	685.097465123713	
1900.34999726045	51.7004693768801	1103.78311744664	687.902261864066	
1900.5	26	1116	690	
1845.20582930708	25.5882348990952	1127.33580091068	691.406496345499	
1789.90923523923	25.1764517517815	1138.87313656433	692.143369660506	
1734.61665745498	24.7646985129626	1150.51100459794	692.128731529173	
1679.32346539542	24.3529406997531	1162.16760286799	691.2959620825	
1624.02884207088	23.9411722281874	1173.76854637536	689.591929351529	
1568.73231224106	23.5293895592419	1185.22797473161	686.981844055541	
1513.44103239302	23.1176459859054	1196.46031336242	683.45295368769	
1458.13566095746	22.7057974752151	1207.38620089637	679.015542068509	
1402.84686705748	22.2940724142579	1217.9339364534	673.703214049702	
1347.55729583877	21.8823415647568	1228.04046838001	667.572402651384	
1292.25476123849	21.4705141794355	1237.66124349568	660.694041473986	
1236.96339284458	21.058769946715	1246.77998044364	653.137942598362	
1181.67678348482	20.6470611536104	1255.38760392015	644.979853487629	
1126.37689272152	20.2352534564369	1263.47998600898	636.301058247518	
1071.07738986436	19.8234486479261	1271.06628747796	627.175816269038	
1015.78443276177	19.4116925843961	1278.17071519881	617.660765815276	
960.496100304467	18.9999709597141	1284.8157056167	607.810515194179	
905.206734826707	18.5882416423265	1291.02341839646	597.675843795681	
849.911173591791	18.1764661863218	1296.82009028346	587.295202792812	
794.619141610688	17.7647170119945	1302.2305305918	576.701826684529	
739.325691297163	17.3529572756172	1307.27638011822	565.927709210027	
684.030303032575	16.9411831076894	1311.97954315385	554.997041485048	
628.745987984017	16.529491399881	1316.36074068013	543.928492310963	
573.450850414413	16.1177190988307	1320.43663914188	532.743080873108	
518.146873192371	15.7058809705815	1324.2233869646	521.456161097004	
462.863953909149	15.2941996567703	1327.73652631445	510.07657378477	
407.568103523383	14.8824220475146	1330.98614085165	498.622891551467	
352.265133480711	14.4705914195372	1333.98327216101	487.103272029493	
296.972086357411	14.0588346856403	1336.7390361143	475.514349099962	
241.678176700669	13.647071528622	1339.25507028402	463.881351135198	
186.391135668101	13.2353595209327	1341.53524599762	452.208980352192	
131.09139320067	12.8235529280901	1343.58236004141	440.482819957789	
75.7941653694155	12.4117650612616	1345.38438123715	428.741578328624	
20.5	12	1347	417	
20.7083478804528	32.7514488931004	1347	417	
20.9167013181478	53.503451287518	
21.1250033501958	74.2503336794985	
21.3333812924476	95.0047767277845	
21.5416686470096	115.750197242154	
21.7500081051601	136.500807273946	
21.9583396296314	157.250627111286	
22.1666802361833	178.00135152386	
22.3750019057993	198.750189817613	
22.5833886968832	219.505514209563	
22.7917352739994	240.256833290343	
23.0000209411898	261.002085742505	
23.2083391010551	281.750574465091	
23.4167139224398	302.504706675008	
23.6250653311481	323.256506982349	
23.8333743044832	344.004080726531	
24.041669869303	364.750318982579	
24.2500137741727	385.501371907598	
24.4584009866994	406.256738275257	
24.666788063599	427.012091134462	
24.8751520531274	447.765144491489	
25.0834850724602	468.515113217031	
25.2917902135894	489.262305273508	
25.5000777353815	510.007742444002	
25.7083614411236	530.752799535916	
25.916655147549	551.498852695878	
26.1249691545907	572.24692779723	
26.3333066251445	592.997339864389	
26.5416597809242	613.749314180051	
26.7499963061894	634.499632096464	
26.958296958594	655.246377075967	
27.1666106732627	675.994423056961	
27.374960042404	696.746020223435	
27.5833287764983	717.499546139235	
27.79164871987	738.248212499049	
27.9999400209509	758.994026086711	
28.2082817227962	779.744859590499	
28.4166623756843	800.499572618157	
28.6249901915998	821.249023083338	
28.8333235307221	841.99902365992	
29.0416625316224	862.749588149587	
29.249999267498	883.499927042799	
29.4583231112618	904.248981881679	
29.6666443816645	924.997780413785	
29.8749710451693	945.747116098857	
30.0833114646278	966.497821876931	
30.2916754230601	987.250872136784	
30.5	1008	
30.5	1008	










































































































































































































































































































































































